50426
816322
1005185
633635
426996
914332
396561
816845
111909
147203
332209
418296
639997
142373
787405
1030168
157392
405614
689014
124033
183546
242888
398112
91282
249931
239823
749892
372923
554795
183546
43331
466930
791648
341909
47253
242947
715861
86139
464399
10594
1012976
867420
92391
376363
47430
270443
184162
689549
1045271
184162
107501
858892
442347
563681
627580
450778
725186
237870
846044
156742
400254
108709
784676
626457
882233
67444
143935
1003270
119519
625698
404385
929871
746239
262968
538162
338496
502797
188421
931789
636254
764611
851913
1036712
1046617
1030168
947421
1002031
314265
458637
279017
329663
892909
847842
891556
582317
912632
583258
1000165
1005185
330945
5171
259882
686942
1030168
631409
1043396
211389
880851
888952
427717
880851
1028146
473804
949590
79436
899429
18644
236296
1022703
820009
42248
464399
415243
970253
766053
693066
206907
703515
999022
993555
886246
180559
711160
21480
107501
389580
943677
820009
400954
767085
207511
598664
827809
785310
265184
469132
87972
798718
17737
706163
616875
818304
277454
625827
1043396
336069
262968
689934
975458
771528
891556
18644
215727
11696
625698
242888
685254
66466
382377
140396
615364
250457
56465
87972
488840
43855
945810
1022
912154
226767
705714
900405
434481
169760
859131
38438
383702
761778
977250
938097
554795
713660
362375
220218
667784
1046617
279017
821991
886081
568414
377096
900405
1027209
569928
830136
191353
660608
454571
1028146
160039
715861
60363
404385
480236
521187
970283
633635
821991
287858
495980
553153
1039202
687588
614376
741523
251287
835854
710151
830823
338036
236296
625772
375162
761778
156742
556492
12071
75427
109080
102095
495380
583258
804230
917441
1047986
118763
868324
207511
772148
534578
1047986
685254
341321
351585
250457
1029283
914332
198538
816322
1019682
1033238
538162
182571
1024633
235556
849861
712677
120192
626457
36402
459118
1014440
489884
68459
948278
569971
262968
860763
47497
210353
288780
423509
278118
954921
118763
702419
495380
12101
987493
457349
427717
544239
927143
553153
663271
1042529
47430
204503
803204
404636
764611
528738
40913
827809
911110
25922
242947
601027
741523
959491
36402
933518
388356
766053
406207
514900
862442
762074
569928
849803
362155
943596
142887
456606
284144
667053
43855
351585
794090
465298
190636
43331
669734
981232
683561
151128
840581
160039
142887
1005185
945810
236296
813660
514479
666701
1022703
879053
891057
342694
795807
665380
851881
625698
183546
473804
52037
558345
379333
939372
361114
791309
54315
956469
248222
793761
599005
809291
1027510
101112
566374
238978
803907
166084
716132
809291
845454
67444
525708
713660
329350
871861
723423
451067
406207
190740
929871
583258
147270
1022842
925803
892909
332916
494428
434481
536257
555154
787744
546965
232406
148178
212232
13543
131302
106513
993555
523067
556492
852219
44415
700807
228877
545417
693066
690591
794869
140973
36402
494428
862442
143492
375162
142887
812633
131792
78600
100543
627580
630027
462144
511239
705714
827204
519828
926932
256760
532137
1009929
849711
526211
584337
701760
426996
342694
400954
637359
236527
877089
353877
224604
38438
171085
759544
328132
434481
5317
314265
939372
388356
840581
244962
288780
107501
157392
686942
135555
938862
1027510
97957
846201
111534
480030
926932
452251
820009
298262
15360
452535
328310
844309
546965
912488
375419
865523
648270
451067
58689
172662
563681
388356
183935
762074
883029
86139
120157
1010300
54315
201978
77352
602408
592023
795807
314308
907998
479710
943677
11696
757173
201046
73682
460724
20589
325345
558345
836582
599005
131792
10594
1047986
739142
250946
882233
231681
931789
238483
30225
573373
404636
635759
167468
1045652
810249
62312
32945
555154
311582
1047986
748737
3817
828867
913808
298262
341321
215777
354247
1003336
249931
379333
999022
951441
242495
568509
838528
1019784
675581
173492
843707
487904
207511
150474
207935
250946
329663
299849
891556
741523
1019784
279017
852341
242947
343165
353877
1003336
663271
558025
474889
332209
906510
450778
667053
45887
667662
262450
852641
426996
58689
513773
751567
630027
678600
899429
269984
584337
267645
950829
545417
843578
908449
247551
486384
631409
279017
569102
5171
480030
147234
865523
905772
593444
843578
109080
598664
667053
3817
506352
144466
187138
726665
413311
445309
479710
404636
1022842
350482
867457
265184
183935
519959
353877
156742
599005
791309
460724
338496
580740
816845
302209
668620
250457
713660
343080
801088
102095
959491
58689
916891
568509
17737
1002031
495480
764611
939372
193353
210298
325345
351121
525467
787744
256760
880851
259882
723006
529110
746312
764752
988941
948004
237870
101112
677699
242018
350482
772386
854806
260434
631334
829540
456606
36402
791309
12071
925803
830755
45887
285125
496938
652798
952767
871861
215727
557609
804305
519959
816322
262450
949590
531101
362375
45433
817891
464399
851825
846044
324882
513111
792555
160039
495480
351121
849290
781539
211506
871861
870248
36402
278588
529110
899429
518682
20589
818304
815493
812633
235556
821991
100040
134381
940386
426037
722191
741523
92
996432
1022
532295
109241
820009
187138
891057
627580
343759
81697
993703
71377
1027209
102095
938097
920857
458073
835854
131792
66370
343165
190636
771174
298262
762074
456606
525467
695852
629961
652663
710151
584463
941975
201978
705714
1014440
200449
757173
969309
54315
963586
990250
713889
42248
235556
391728
464069
224443
457349
250457
616606
372923
172662
531101
235729
1038639
803907
480030
479710
122039
846201
556492
905906
648238
1024633
665380
287858
1030436
242018
179223
1018286
329663
156742
734047
5317
1006793
69383
21480
425675
1027209
798718
690591
977813
956837
92812
428825
496938
866507
452535
929871
452251
764779
531101
553153
900405
1042548
912488
1046005
563024
677699
506352
435316
474022
15935
242495
949590
418296
925803
69383
140396
851296
50426
415243
873763
660608
13543
859131
45433
996432
845454
13411
540710
787405
849803
938862
237765
78600
211389
486384
614376
824184
525708
479710
1019682
329663
813660
393186
43855
120192
912632
1042548
636254
723006
845454
940251
741523
86139
794869
183546
967898
2200
474022
486384
264088
689549
400954
915787
807847
18752
430587
100543
46438
194267
951444
963586
147234
514479
943677
142892
225799
288246
1047823
98981
480030
184162
474889
793110
122039
894376
713660
907290
792555
400954
791648
851881
555154
13543
579620
239823
343165
127640
940153
153795
191353
194544
654386
130872
835854
555154
238978
865523
846748
508842
330945
957424
1027209
398112
518682
1039202
539668
739142
1040232
500725
513111
111534
1045271
861006
705301
753600
31793
50426
862442
347649
422489
568414
288567
858892
32945
300440
639997
240299
194544
764779
16161
609469
514664
905906
996432
50058
187532
869724
929871
584463
1013501
387914
781738
298845
300440
456046
785310
452535
720112
532137
1030545
1047986
44415
828867
93330
529001
122230
405134
943596
791648
857594
1042548
351121
132818
916891
920857
