759172
723423
343759
917441
724837
820009
156742
298203
787405
849861
764611
15935
912154
235556
849861
1038639
354247
849861
920066
1020931
987041
731384
626457
451067
843707
941975
862442
652798
201978
194418
625286
519959
529110
940059
888952
821516
637359
543175
302209
569971
767751
415243
912632
457698
143492
495380
458637
458637
846201
832012
313023
703515
880956
435316
279783
396561
826464
725186
849861
142954
443272
430587
148178
720112
848003
971558
629685
690591
354543
905772
972986
324494
857594
1039202
837663
687588
329663
910161
43855
458637
908449
833463
259882
458637
525467
625698
487904
226767
516716
1037727
536257
298845
515545
987493
536257
731384
200631
362155
975250
888952
849861
495380
882233
678853
857594
390062
706832
55638
73455
1037727
429134
829110
457698
849861
905772
886246
109080
1027525
1045652
87972
1013386
413311
941975
817891
260434
975458
767085
244671
906510
260434
239654
609469
795807
558345
341321
458637
405134
287858
907335
857594
616875
302209
840581
700807
683561
1004318
473804
458637
803596
40913
827204
540710
888002
298845
556492
952767
278588
981825
458637
253341
314308
587267
821516
945810
975250
340258
656546
862442
798718
1020931
175812
464069
1014013
905906
700807
329663
519959
639997
227094
963586
92
274896
458637
959493
558025
361114
69428
900405
480236
169760
194544
405134
563024
945496
678853
271060
1047823
459118
619558
993555
458637
166084
55638
779864
5317
288246
748737
867457
426037
908449
263001
55638
133235
513111
771528
536257
915969
143492
977813
849861
433778
127640
916891
30225
945810
941777
91282
536257
234382
174584
390062
851913
940059
224443
267603
793761
55638
596829
182571
943677
948278
32691
821516
45812
458637
235556
710151
118763
38438
336399
926932
20969
142954
287858
540533
65156
990250
302905
375162
480236
458637
703515
1042529
426037
191353
181591
702419
984112
713660
16993
886246
564540
194418
499239
793110
925803
451530
748737
452506
433778
1013501
433778
877089
142892
738082
92391
929861
907335
5171
854806
458637
931789
458637
563024
429134
715328
709988
495480
1018286
787744
555154
803204
210353
377096
616875
682658
694818
702419
284144
458637
746516
604842
1013386
325345
127640
341909
298262
830755
140973
636403
32945
706163
787405
288246
304296
69428
143492
529110
971828
458637
388356
131792
458637
630027
250162
996329
849861
722191
499239
940251
771528
905772
990250
452506
630027
458637
184162
867420
458637
194544
355522
458637
458637
285125
988941
957424
1037727
975250
849861
598664
532667
515545
738954
967898
37720
804305
231681
311582
375162
532295
951441
207511
584337
279783
452506
891556
55638
866647
972986
1045652
849711
167468
906510
458637
108549
313023
326876
452506
60363
996329
462400
616875
210353
905772
702419
555154
944441
851296
849861
452535
954727
888729
247551
242888
851913
1025112
492983
838528
869278
975250
458637
1027209
461024
795807
458637
975250
678600
906510
458073
46438
122045
489884
43331
969309
350482
501972
981232
669734
389580
929436
234244
715861
405134
418296
173492
494428
92391
557609
307185
506352
959493
393186
867420
849861
480030
285125
458637
857594
16161
278118
759275
959491
625286
592023
929871
1026604
18752
999022
753600
849861
536257
55638
55638
723423
58689
971558
55638
940153
1030545
247551
891556
827809
537698
1005591
654884
350482
891135
771528
37720
12101
265184
766053
865523
131792
114607
920066
883029
12101
456606
383702
458637
338036
1027510
43331
933744
824184
111534
888952
237870
569928
935344
211506
343165
684787
274896
458637
711079
705301
654447
604842
488140
849861
688691
569971
140973
723423
271060
343080
625286
642431
795807
550555
867420
975250
871861
1043396
340258
568509
194418
631334
857594
458637
37720
678853
609469
434481
824184
573373
971828
459118
329663
40913
849861
124033
956469
40913
558021
926932
457698
345451
458637
474022
779864
281377
440379
865523
749892
423509
55638
193353
667784
711160
390062
119519
458637
880851
153795
466930
795807
886246
141697
716132
528738
338036
706832
389580
76928
849888
929861
543175
332916
938862
1026604
314308
265184
247551
529676
324679
18644
514664
329350
458637
182304
425427
45433
532667
832012
829110
906510
458637
239823
127640
263001
300440
907998
172662
516716
824184
458637
963586
378485
500725
1000165
108044
462144
975250
906510
1013386
540710
1010300
458637
540710
851296
536257
678853
626457
423344
25922
851881
160039
239823
537698
278118
55638
268798
713889
1038639
2455
694818
689014
540710
558025
891135
171819
130872
741523
975250
945810
943596
861006
793761
456606
1022703
818583
418296
920857
849861
715861
867420
458637
629961
622174
843578
809291
239654
234382
55638
210343
389580
333485
772172
55638
120192
940386
959147
487904
393186
830823
990250
695267
338036
1040232
829540
700799
215777
458637
122270
849861
76928
224443
573373
104654
912154
975250
833463
929861
458637
838528
702667
109080
795807
293591
204503
854806
285125
487904
480030
667053
907335
458637
815493
686316
5317
531101
886246
951444
900405
518682
619558
383257
864469
458637
703515
772148
456606
584337
20969
400954
818583
458637
821991
458637
954727
265184
353877
336069
851355
55638
43331
568509
511716
58289
706832
852219
523067
678853
563681
534578
747989
452251
456606
458637
619558
954921
771528
940251
824184
675581
573133
514479
975250
235729
55638
442347
458637
458637
849861
514479
920066
425427
7674
500725
747989
390062
180559
337421
585883
204503
784676
1036456
245655
506352
464069
389580
486384
861006
592023
540710
284144
873763
109241
867420
611812
629961
746312
866647
55638
665380
767751
462144
678853
239654
793353
458637
458637
746516
771174
790658
458637
886246
225799
916104
60363
910161
1003270
400954
242495
1036456
635759
705714
703515
857594
558345
950829
1029283
516716
835854
793110
150474
406207
849861
184162
604842
827204
938862
1046617
550555
761778
996432
458637
466930
235556
400254
526211
91282
183027
350482
458637
285125
461024
537698
18644
720112
47253
580740
495980
66370
207511
131302
271060
132818
933263
140973
211506
865523
969309
695267
1022
13543
519116
190740
849861
516716
127210
299849
850106
680477
715861
499239
93747
66466
92812
141697
250162
793761
716132
259882
652798
267603
423509
661351
536257
794090
1036712
886246
1026604
336399
465728
429134
474022
828867
474022
190636
458637
920066
536257
529110
753600
537698
880851
131302
30257
314308
100962
1036668
488840
1014013
981825
795807
1038639
172363
715861
267603
263001
867457
940153
668620
1030545
525708
512148
458637
487904
210353
1019255
458637
512148
50058
710151
862442
977250
935934
525467
486384
458637
345451
886246
616875
596829
514479
288246
265184
169760
990250
1026604
851913
47430
988941
452535
519116
458637
723006
184162
907290
466930
122230
285125
888002
333485
451067
525467
676057
342694
207935
880956
285125
65156
265184
140396
861006
200631
332916
328310
445309
693066
495980
452506
250162
329663
516716
619558
228877
37720
824184
984112
265184
426996
678853
787744
554795
532667
