2000
1878
1814
1968
1841
1835
1820
2307
1869
1818
1850
2275
1817
1829
1847
2305
1883
1827
1852
2223
1819
1838
1845
2301
1886
1828
1854
2244
1828
1839
1858
1815
1916
1826
1842
1818
1862
1827
1841
1827
1847
1848
1845
2000
1788
1828
1846
1844
1933
1905
1995
5715
2043
1920
2000
2351
1892
1851
1831
2230
1854
1855
1829
2273
1902
1841
1802
2254
1830
1850
1843
2263
2354
1843
1862
1813
1801
1826
1800
1787
1934
1834
1866
1810
1850
1829
1812
1820
1911
1815
1855
1821
1854
1827
1842
1837
2211
1829
1850
1828
2289
1839
1808
1824
2317
1818
1797
1834
2353
1842
1845
1823
2341
1837
1870
1820
2230
1817
1787
1830
2354
1828
1799
1833
2342
1833
1806
2000
1878
1814
1968
1841
1835
1820
2307
1869
1818
1850
2275
1817
1829
1847
2305
1883
1827
1852
2223
1819
1838
1845
2301
1886
1828
1854
2244
1828
1839
1858
1815
1916
1826
1842
1818
1862
1827
1841
1827
1847
1848
1845
2000
1788
1828
1846
1844
1933
1905
1995
5715
2043
1920
2000
2351
1892
1851
1831
2230
1854
1855
1829
2273
1902
1841
1802
2254
1830
1850
1843
2263
2354
1843
1862
1813
1801
1826
1800
1787
1934
1834
1866
1810
1850
1829
1812
1820
1911
1815
1855
1821
1854
1827
1842
1837
2211
1829
1850
1828
2289
1839
1808
1824
2317
1818
1797
1834
2353
1842
1845
1823
2341
1837
1870
1820
2230
1817
1787
1830
2354
1828
1799
1833
2342
1833
1806
2000
1878
1814
1968
1841
1835
1820
2307
1869
1818
1850
2275
1817
1829
1847
2305
1883
1827
1852
2223
1819
1838
1845
2301
1886
1828
1854
2244
1828
1839
1858
1815
1916
1826
1842
1818
1862
1827
1841
1827
1847
1848
1845
2000
1788
1828
1846
1844
1933
1905
1995
5715
2043
1920
2000
2351
1892
1851
1831
2230
1854
1855
1829
2273
1902
1841
1802
2254
1830
1850
1843
2263
2354
1843
1862
1813
1801
1826
1800
1787
1934
1834
1866
1810
1850
1829
1812
1820
1911
1815
1855
1821
1854
1827
1842
1837
2211
1829
1850
1828
2289
1839
1808
1824
2317
1818
1797
1834
2353
1842
1845
1823
2341
1837
1870
1820
2230
1817
1787
1830
2354
1828
1799
1833
2342
1833
1806
2000
1878
1814
1968
1841
1835
1820
2307
1869
1818
1850
2275
1817
1829
1847
2305
1883
1827
1852
2223
1819
1838
1845
2301
1886
1828
1854
2244
1828
1839
1858
1815
1916
1826
1842
1818
1862
1827
1841
1827
1847
1848
1845
2000
1788
1828
1846
1844
1933
1905
1995
5715
2043
1920
2000
2351
1892
1851
1831
2230
1854
1855
1829
2273
1902
1841
1802
2254
1830
1850
1843
2263
2354
1843
1862
1813
1801
1826
1800
1787
1934
1834
1866
1810
1850
1829
1812
1820
1911
1815
1855
1821
1854
1827
1842
1837
2211
1829
1850
1828
2289
1839
1808
1824
2317
1818
1797
1834
2353
1842
1845
1823
2341
1837
1870
1820
2230
1817
1787
1830
2354
1828
1799
1833
2342
1833
1806
2000
1878
1814
1968
1841
1835
1820
2307
1869
1818
1850
2275
1817
1829
1847
2305
1883
1827
1852
2223
1819
1838
1845
2301
1886
1828
1854
2244
1828
1839
1858
1815
1916
1826
1842
1818
1862
1827
1841
1827
1847
1848
1845
2000
1788
1828
1846
1844
1933
1905
1995
5715
2043
1920
2000
2351
1892
1851
1831
2230
1854
1855
1829
2273
1902
1841
1802
2254
1830
1850
1843
2263
2354
1843
1862
1813
1801
1826
1800
1787
1934
1834
1866
1810
1850
1829
1812
1820
1911
1815
1855
1821
1854
1827
1842
1837
2211
1829
1850
1828
2289
1839
1808
1824
2317
1818
1797
1834
2353
1842
1845
1823
2341
1837
1870
1820
2230
1817
1787
1830
2354
1828
1799
1833
2342
1833
1806
2000
1878
1814
1968
1841
1835
1820
2307
1869
1818
1850
2275
1817
1829
1847
2305
1883
1827
1852
2223
1819
1838
1845
2301
1886
1828
1854
2244
1828
1839
1858
1815
1916
1826
1842
1818
1862
1827
1841
1827
1847
1848
1845
2000
1788
1828
1846
1844
1933
1905
1995
5715
2043
1920
2000
2351
1892
1851
1831
2230
1854
1855
1829
2273
1902
1841
1802
2254
1830
1850
1843
2263
2354
1843
1862
1813
1801
1826
1800
1787
1934
1834
1866
1810
1850
1829
1812
1820
1911
1815
1855
1821
1854
1827
1842
1837
2211
1829
1850
1828
2289
1839
1808
1824
2317
1818
1797
1834
2353
1842
1845
1823
2341
1837
1870
1820
2230
1817
1787
1830
2354
1828
1799
1833
2342
1833
1806